{
  "_comments": [
    "Eye-shape generated using eye_shape_covariance.py."
  ],

  "cov": [
    [2.311340523E+01, -4.074518204E+00, -1.623707056E+00, -5.961215019E+00, -3.156839371E+00, -1.400416756E+01, 1.712131262E+00, -2.466302633E+00, 1.038997293E+00],
    [-4.074518204E+00, 4.776903534E+01, 4.404603577E+01, -3.475270271E+00, -6.920371532E+00, 3.106439590E+01, -1.506372094E+00, -1.259711027E+00, -8.073138237E+00],
    [-1.623707056E+00, 4.404603577E+01, 4.104118729E+01, -3.764847994E+00, -6.452360153E+00, 2.791121674E+01, -1.069280505E+00, -1.658540249E+00, -7.563391685E+00],
    [-5.961215019E+00, -3.475270271E+00, -3.764847994E+00, 2.329226971E+00, 1.834896684E+00, 1.083135486E+00, -3.270138800E-01, 9.280175567E-01, 7.982346416E-01],
    [-3.156839371E+00, -6.920371532E+00, -6.452360153E+00, 1.834896684E+00, 2.195598841E+00, -2.073751688E+00, 1.538917273E-01, 4.136148393E-01, 1.178791046E+00],
    [-1.400416756E+01, 3.106439590E+01, 2.791121674E+01, 1.083135486E+00, -2.073751688E+00, 2.664241982E+01, -1.519845247E+00, 1.180638000E-01, -5.524371147E+00],
    [1.712131262E+00, -1.506371975E+00, -1.069280505E+00, -3.270138800E-01, 1.538917273E-01, -1.519845247E+00, 2.895239890E-01, -3.489536941E-01, 1.337517053E-01],
    [-2.466302633E+00, -1.259711027E+00, -1.658540249E+00, 9.280174971E-01, 4.136148393E-01, 1.180638000E-01, -3.489536941E-01, 7.344203591E-01, 5.771652460E-01],
    [1.038997293E+00, -8.073138237E+00, -7.563391685E+00, 7.982346416E-01, 1.178791046E+00, -5.524371147E+00, 1.337517053E-01, 5.771652460E-01, 1.935698748E+00]
  ]
}
